0.0 14.955889 13.918669 99.67375 86.08345 75.64415 75.210815 68.24442 92.32147 74.14617
14.955889 0.0 0.12440592 99.31847 87.27672 76.5216 67.21701 71.48389 81.6652 75.115906
13.918669 0.12440592 0.0 101.813515 86.49088 78.46099 71.25731 73.642075 86.600655 75.41394
99.67375 99.31847 101.813515 0.0 14.39295 36.566868 120.14071 50.085857 79.997375 27.581556
86.08345 87.27672 86.49088 14.39295 0.0 34.377438 133.92226 43.20573 75.44635 24.748257
75.64415 76.5216 78.46099 36.566868 34.377438 0.0 145.69211 28.389542 100.115685 12.808341
75.210815 67.21701 71.25731 120.14071 133.92226 145.69211 0.0 113.68646 90.196434 152.84402
68.24442 71.48389 73.642075 50.085857 43.20573 28.389542 113.68646 0.0 105.427 22.623426
92.32147 81.6652 86.600655 79.997375 75.44635 100.115685 90.196434 105.427 0.0 116.42918
74.14617 75.115906 75.41394 27.581556 24.748257 12.808341 152.84402 22.623426 116.42918 0.0